-6.28318530718 7.15716583519e-18
-6.08318530718 8.4892707326e-17
-5.88318530718 9.29514414907e-16
-5.68318530718 9.39503312968e-15
-5.48318530718 8.76590872056e-14
-5.28318530718 7.55008800077e-13
-5.08318530718 6.00293339428e-12
-4.88318530718 4.40586795548e-11
-4.68318530718 2.98507928777e-10
-4.48318530718 1.86696727901e-09
-4.28318530718 1.07788885943e-08
-4.08318530718 5.74470459903e-08
-3.88318530718 2.82629741485e-07
-3.68318530718 1.28358449509e-06
-3.48318530718 5.38130373e-06
-3.28318530718 2.08260539514e-05
-3.08318530718 7.44017095618e-05
-2.88318530718 0.000245366507677
-2.68318530718 0.000746971599725
-2.48318530718 0.00209917835615
-2.28318530718 0.00544566637633
-2.08318530718 0.013040948022
-1.88318530718 0.0288286123346
-1.68318530718 0.0588294453416
-1.48318530718 0.110821037292
-1.28318530718 0.192710824456
-1.08318530718 0.309347385173
-0.88318530718 0.458398545391
-0.68318530718 0.62704174354
-0.48318530718 0.791782899867
-0.28318530718 0.92293735468
-0.0831853071796 0.993104091324
0.11681469282 0.98644700769
0.31681469282 0.904501288515
0.51681469282 0.765598478087
0.71681469282 0.598204085088
0.91681469282 0.431473501314
1.11681469282 0.287286570446
1.31681469282 0.176576523577
1.51681469282 0.100186000831
1.71681469282 0.0524732013868
1.91681469282 0.0253702369254
2.11681469282 0.0113231673542
2.31681469282 0.00466517318581
2.51681469282 0.00177428776099
2.71681469282 0.000622926467944
2.91681469282 0.000201885883725
3.11681469282 6.03992524726e-05
3.31681469282 1.66806747951e-05
3.51681469282 4.25257624392e-06
3.71681469282 1.00079941656e-06
3.91681469282 2.17419463468e-07
4.11681469282 4.36019826055e-08
4.31681469282 8.07180192963e-09
4.51681469282 1.37940309766e-09
4.71681469282 2.17604733839e-10
4.91681469282 3.1688517535e-11
5.11681469282 4.25982685575e-12
5.31681469282 5.2861369882e-13
5.51681469282 6.05537887316e-14
5.71681469282 6.40325313049e-15
5.91681469282 6.25052449064e-16
6.11681469282 5.63233779349e-17
