-6.28318530718 2.44929359829e-16
-6.18318530718 0.0998334166468
-6.08318530718 0.198669330795
-5.98318530718 0.295520206661
-5.88318530718 0.389418342309
-5.78318530718 0.479425538604
-5.68318530718 0.564642473395
-5.58318530718 0.644217687238
-5.48318530718 0.7173560909
-5.38318530718 0.783326909627
-5.28318530718 0.841470984808
-5.18318530718 0.891207360061
-5.08318530718 0.932039085967
-4.98318530718 0.963558185417
-4.88318530718 0.985449729988
-4.78318530718 0.997494986604
-4.68318530718 0.999573603042
-4.58318530718 0.991664810452
-4.48318530718 0.973847630878
-4.38318530718 0.946300087687
-4.28318530718 0.909297426826
-4.18318530718 0.863209366649
-4.08318530718 0.80849640382
-3.98318530718 0.745705212177
-3.88318530718 0.675463180551
-3.78318530718 0.598472144104
-3.68318530718 0.515501371821
-3.58318530718 0.427379880234
-3.48318530718 0.334988150156
-3.38318530718 0.239249329214
-3.28318530718 0.14112000806
-3.18318530718 0.0415806624333
-3.08318530718 -0.0583741434276
-2.98318530718 -0.157745694143
-2.88318530718 -0.255541102027
-2.78318530718 -0.35078322769
-2.68318530718 -0.442520443295
-2.58318530718 -0.529836140908
-2.48318530718 -0.611857890943
-2.38318530718 -0.687766159184
-2.28318530718 -0.756802495308
-2.18318530718 -0.818277111064
-2.08318530718 -0.871575772414
-1.98318530718 -0.916165936749
-1.88318530718 -0.95160207389
-1.78318530718 -0.977530117665
-1.68318530718 -0.993691003633
-1.58318530718 -0.999923257564
-1.48318530718 -0.996164608836
-1.38318530718 -0.982452612624
-1.28318530718 -0.958924274663
-1.18318530718 -0.925814682328
-1.08318530718 -0.88345465572
-0.98318530718 -0.832267442224
-0.88318530718 -0.772764487556
-0.78318530718 -0.70554032557
-0.68318530718 -0.631266637872
-0.58318530718 -0.550685542598
-0.48318530718 -0.464602179414
-0.38318530718 -0.37387666483
-0.28318530718 -0.279415498199
-0.18318530718 -0.182162504272
-0.0831853071796 -0.0830894028175
0.0168146928204 0.0168139004843
0.11681469282 0.11654920485
0.21681469282 0.215119988088
0.31681469282 0.311541363513
0.41681469282 0.404849920617
0.51681469282 0.494113351139
0.61681469282 0.578439764388
0.71681469282 0.656986598719
0.81681469282 0.728969040126
0.91681469282 0.793667863849
1.01681469282 0.850436620629
1.11681469282 0.898708095812
1.21681469282 0.937999976775
1.31681469282 0.967919672031
1.41681469282 0.988168233877
1.51681469282 0.998543345375
1.61681469282 0.99894134184
1.71681469282 0.989358246623
1.81681469282 0.969889810845
1.91681469282 0.94073055668
2.01681469282 0.902171833756
2.11681469282 0.854598908088
2.21681469282 0.798487112623
2.31681469282 0.734397097874
2.41681469282 0.662969230082
2.51681469282 0.584917192892
2.61681469282 0.501020856458
2.71681469282 0.412118485242
2.81681469282 0.319098362349
2.91681469282 0.2228899141
3.01681469282 0.124454423507
3.11681469282 0.0247754254534
3.21681469282 -0.0751511204618
3.31681469282 -0.174326781223
3.41681469282 -0.271760626411
3.51681469282 -0.366479129252
3.61681469282 -0.457535893775
3.71681469282 -0.544021110889
3.81681469282 -0.625070648893
3.91681469282 -0.699874687594
4.01681469282 -0.767685809764
4.11681469282 -0.827826469086
4.21681469282 -0.879695759972
4.31681469282 -0.922775421613
4.41681469282 -0.95663501627
4.51681469282 -0.980936230066
4.61681469282 -0.995436253306
4.71681469282 -0.999990206551
4.81681469282 -0.994552588204
4.91681469282 -0.979177729151
5.01681469282 -0.954019249902
5.11681469282 -0.919328525665
5.21681469282 -0.875452174688
5.31681469282 -0.822828594969
5.41681469282 -0.761983583919
5.51681469282 -0.693525084777
5.61681469282 -0.618137112237
5.71681469282 -0.536572918
5.81681469282 -0.449647464535
5.91681469282 -0.358229282237
6.01681469282 -0.263231791366
6.11681469282 -0.165604175448
6.21681469282 -0.0663218973512
